Uid,Sentiment
24737,positive,0.991,0.009
32463,negative,0.34,0.66
14285,positive,0.502,0.498
13927,positive,0.592,0.408
21509,positive,0.972,0.028
22161,positive,0.663,0.337
18004,negative,0.139,0.861
28463,positive,0.979,0.021
13282,positive,0.859,0.141
19105,positive,0.64,0.36
23974,positive,0.757,0.243
3851,positive,0.912,0.088
24590,positive,0.959,0.041
11679,positive,0.989,0.011
27775,positive,0.599,0.401
14497,negative,0.104,0.896
15189,negative,0.129,0.871
36296,positive,0.982,0.018
31574,positive,0.934,0.066
42713,positive,0.976,0.024
28789,positive,0.993,0.007
4778,positive,0.979,0.021
43308,positive,0.801,0.199
7173,negative,0.171,0.829
64,positive,0.819,0.181
14537,positive,0.746,0.254
25586,negative,0.2,0.8
21198,negative,0.437,0.563
20152,negative,0.282,0.718
13342,positive,0.951,0.049
14705,positive,0.967,0.033
37177,negative,0.16,0.84
15993,positive,0.982,0.018
15302,positive,0.884,0.116
30890,negative,0.167,0.833
26317,positive,0.509,0.491
40358,positive,0.994,0.006
24618,positive,0.954,0.046
32466,positive,0.988,0.012
14266,positive,0.973,0.027
17601,negative,0.459,0.541
33238,positive,0.917,0.083
10367,positive,0.832,0.168
18699,positive,0.973,0.027
36185,positive,0.991,0.009
23027,positive,0.784,0.216
25706,positive,0.918,0.082
9764,negative,0.39,0.61
8468,positive,0.945,0.055
23410,positive,0.839,0.161
7426,positive,0.942,0.058
16648,negative,0.47,0.53
24261,positive,0.985,0.015
21032,negative,0.26,0.74
13308,positive,0.555,0.445
16246,positive,0.923,0.077
43527,positive,0.981,0.019
36746,positive,0.648,0.352
6090,positive,0.974,0.026
27482,positive,0.956,0.044
32452,positive,0.963,0.037
32036,positive,0.967,0.033
13510,positive,0.974,0.026
36358,negative,0.442,0.558
22733,negative,0.179,0.821
15277,positive,0.988,0.012
24189,positive,0.611,0.389
22781,positive,0.789,0.211
29188,positive,0.576,0.424
13116,positive,0.884,0.116
25470,positive,0.837,0.163
16098,positive,0.531,0.469
1271,negative,0.408,0.592
19000,negative,0.404,0.596
27795,positive,0.982,0.018
18881,positive,0.987,0.013
14522,positive,0.991,0.009
8921,positive,0.81,0.19
36632,positive,0.989,0.011
16501,positive,0.858,0.142
17990,positive,0.904,0.096
34400,positive,0.99,0.01
36328,negative,0.361,0.639
15966,positive,0.985,0.015
24337,positive,0.547,0.453
1025,negative,0.201,0.799
26861,positive,0.948,0.052
32093,positive,0.965,0.035
37920,positive,0.936,0.064
22476,positive,0.955,0.045
44939,negative,0.157,0.843
32803,positive,0.804,0.196
38314,positive,0.967,0.033
23729,positive,0.978,0.022
9524,positive,0.973,0.027
16574,negative,0.207,0.793
22272,positive,0.937,0.063
44551,positive,0.95,0.05
14142,positive,0.981,0.019
4578,negative,0.387,0.613
21950,positive,0.902,0.098
5825,positive,0.945,0.055
11662,positive,0.543,0.457
13231,negative,0.362,0.638
13597,positive,0.634,0.366
25345,negative,0.404,0.596
17253,positive,0.977,0.023
27444,positive,0.905,0.095
38338,positive,0.982,0.018
44956,positive,0.922,0.078
20458,positive,0.884,0.116
38700,positive,0.968,0.032
13265,positive,0.958,0.042
12415,positive,0.933,0.067
13307,positive,0.851,0.149
44393,positive,0.97,0.03
21311,positive,0.887,0.113
19139,positive,0.889,0.111
12538,positive,0.918,0.082
30178,positive,0.885,0.115
34633,positive,0.604,0.396
38785,positive,0.909,0.091
37114,negative,0.372,0.628
19837,negative,0.497,0.503
35253,negative,0.329,0.671
16892,positive,0.897,0.103
29711,positive,0.585,0.415
12541,positive,0.798,0.202
19266,positive,0.968,0.032
11976,positive,0.818,0.182
44663,positive,0.992,0.008
18913,positive,0.93,0.07
5395,positive,0.978,0.022
19047,negative,0.323,0.677
27751,positive,0.912,0.088
28865,negative,0.243,0.757
30262,positive,0.946,0.054
16620,positive,0.982,0.018
28368,positive,0.99,0.01
25509,negative,0.094,0.906
16598,positive,0.902,0.098
6881,negative,0.436,0.564
7236,positive,0.684,0.316
43131,positive,0.949,0.051
7044,positive,0.989,0.011
26867,positive,0.988,0.012
30589,negative,0.378,0.622
17274,negative,0.038,0.962
23431,negative,0.363,0.637
16614,positive,0.993,0.007
29860,positive,0.991,0.009
1393,positive,0.879,0.121
11330,negative,0.317,0.683
33426,positive,0.992,0.008
20057,positive,0.989,0.011
37654,positive,0.981,0.019
22720,positive,0.992,0.008
19668,positive,0.871,0.129
7711,positive,0.81,0.19
1185,positive,0.962,0.038
23907,positive,0.982,0.018
24621,positive,0.935,0.065
14282,negative,0.136,0.864
33543,positive,0.903,0.097
6647,positive,0.815,0.185
19961,positive,0.879,0.121
4142,positive,0.875,0.125
38761,positive,0.973,0.027
36210,positive,0.982,0.018
4372,positive,0.981,0.019
24062,positive,0.966,0.034
13960,positive,0.807,0.193
17582,positive,0.993,0.007
13564,positive,0.978,0.022
12877,negative,0.055,0.945
22115,positive,0.883,0.117
31855,positive,0.925,0.075
2518,positive,0.501,0.499
9428,positive,0.989,0.011
38635,positive,0.936,0.064
26894,positive,0.979,0.021
23235,positive,0.992,0.008
35565,positive,0.812,0.188
21845,positive,0.551,0.449
2175,positive,0.978,0.022
14795,negative,0.162,0.838
19333,positive,0.984,0.016
41384,negative,0.4,0.6
40274,positive,0.98,0.02
20347,positive,0.832,0.168
16507,positive,0.961,0.039
20594,positive,0.832,0.168
8772,negative,0.184,0.816
16353,positive,0.977,0.023
22086,negative,0.089,0.911
14151,negative,0.31,0.69
41883,positive,0.991,0.009
885,positive,0.983,0.017
39517,positive,0.99,0.01
10120,negative,0.293,0.707
25075,positive,0.966,0.034
31189,negative,0.162,0.838
8201,positive,0.992,0.008
22376,positive,0.964,0.036
39275,positive,0.984,0.016
8989,positive,0.975,0.025
17955,negative,0.059,0.941
22519,positive,0.953,0.047
2229,negative,0.467,0.533
10402,negative,0.308,0.692
26363,negative,0.328,0.672
42186,positive,0.959,0.041
15210,negative,0.487,0.513
19435,negative,0.182,0.818
37742,negative,0.289,0.711
22131,negative,0.049,0.951
2242,positive,0.718,0.282
34731,positive,0.955,0.045
16460,negative,0.081,0.919
8577,positive,0.89,0.11
21100,positive,0.978,0.022
13326,positive,0.984,0.016
45054,positive,0.859,0.141
2665,positive,0.993,0.007
12887,positive,0.932,0.068
22918,positive,0.9,0.1
30432,positive,0.958,0.042
2145,positive,0.969,0.031
7700,positive,0.989,0.011
28383,negative,0.378,0.622
24453,negative,0.293,0.707
9507,positive,0.975,0.025
33618,positive,0.982,0.018
13770,negative,0.104,0.896
37153,positive,0.982,0.018
44024,positive,0.913,0.087
19821,negative,0.068,0.932
22616,positive,0.792,0.208
37402,positive,0.967,0.033
16232,positive,0.808,0.192
40060,positive,0.99,0.01
37417,positive,0.962,0.038
18762,positive,0.968,0.032
25431,positive,0.73,0.27
31236,positive,0.965,0.035
40236,positive,0.981,0.019
3190,negative,0.252,0.748
29787,positive,0.974,0.026
2425,positive,0.98,0.02
42115,negative,0.486,0.514
44145,negative,0.136,0.864
5530,positive,0.755,0.245
26619,negative,0.209,0.791
15564,positive,0.909,0.091
37727,positive,0.902,0.098
2131,positive,0.958,0.042
27637,positive,0.64,0.36
17196,positive,0.894,0.106
30258,positive,0.773,0.227
15186,positive,0.935,0.065
19278,negative,0.153,0.847
33722,positive,0.782,0.218
4049,positive,0.708,0.292
28201,positive,0.785,0.215
31314,positive,0.844,0.156
21846,negative,0.086,0.914
31285,negative,0.122,0.878
28767,positive,0.981,0.019
3276,positive,0.987,0.013
7715,positive,0.966,0.034
27142,positive,0.924,0.076
41581,positive,0.919,0.081
24126,negative,0.096,0.904
11480,positive,0.638,0.362
35035,positive,0.916,0.084
30123,negative,0.234,0.766
26287,positive,0.986,0.014
30684,positive,0.991,0.009
33652,positive,0.936,0.064
15335,positive,0.771,0.229
7677,positive,0.926,0.074
11738,negative,0.318,0.682
21573,positive,0.979,0.021
14524,positive,0.956,0.044
16546,positive,0.92,0.08
26207,positive,0.992,0.008
34464,positive,0.989,0.011
29935,positive,0.841,0.159
15475,positive,0.938,0.062
39902,positive,0.92,0.08
23542,negative,0.184,0.816
19473,positive,0.517,0.483
39857,positive,0.978,0.022
18912,negative,0.215,0.785
19188,positive,0.984,0.016
8776,positive,0.97,0.03
7853,negative,0.269,0.731
26043,positive,0.945,0.055
28669,positive,0.742,0.258
27782,negative,0.116,0.884
32473,positive,0.878,0.122
19375,positive,0.697,0.303
40962,negative,0.13,0.87
712,positive,0.635,0.365
17565,positive,0.749,0.251
34952,positive,0.968,0.032
39525,positive,0.815,0.185
16911,positive,0.503,0.497
28274,positive,0.68,0.32
11445,negative,0.311,0.689
25323,positive,0.992,0.008
38143,positive,0.992,0.008
32627,negative,0.179,0.821
19793,negative,0.21,0.79
7370,positive,0.991,0.009
17285,positive,0.989,0.011
16053,positive,0.987,0.013
30846,negative,0.248,0.752
11317,positive,0.994,0.006
26012,positive,0.976,0.024
4674,positive,0.971,0.029
13792,positive,0.98,0.02
45010,positive,0.832,0.168
8477,positive,0.812,0.188
14547,positive,0.963,0.037
12805,positive,0.984,0.016
27532,positive,0.974,0.026
6546,positive,0.982,0.018
2674,positive,0.895,0.105
42981,positive,0.855,0.145
962,positive,0.952,0.048
23674,negative,0.313,0.687
28044,positive,0.983,0.017
32748,negative,0.205,0.795
22491,positive,0.955,0.045
39910,positive,0.928,0.072
32495,positive,0.669,0.331
27968,positive,0.733,0.267
23350,positive,0.98,0.02
8241,negative,0.115,0.885
12435,positive,0.961,0.039
12639,positive,0.988,0.012
5346,positive,0.987,0.013
12788,negative,0.076,0.924
41376,negative,0.052,0.948
11371,negative,0.242,0.758
39196,positive,0.989,0.011
44022,positive,0.977,0.023
27845,positive,0.735,0.265
1694,negative,0.367,0.633
12870,positive,0.989,0.011
24847,positive,0.891,0.109
906,positive,0.676,0.324
30264,positive,0.99,0.01
2799,negative,0.037,0.963
11204,positive,0.792,0.208
11740,positive,0.889,0.111
529,positive,0.954,0.046
13201,positive,0.982,0.018
7841,negative,0.036,0.964
23584,positive,0.991,0.009
40016,positive,0.974,0.026
7077,negative,0.377,0.623
26053,positive,0.989,0.011
3695,positive,0.977,0.023
23725,positive,0.832,0.168
17190,negative,0.139,0.861
19308,negative,0.187,0.813
12850,positive,0.974,0.026
15066,positive,0.984,0.016
19830,positive,0.981,0.019
22381,positive,0.992,0.008
16868,positive,0.991,0.009
24791,negative,0.085,0.915
23881,positive,0.961,0.039
14680,negative,0.204,0.796
17628,negative,0.109,0.891
34519,positive,0.82,0.18
17571,positive,0.982,0.018
12229,positive,0.988,0.012
12928,positive,0.74,0.26
14034,positive,0.734,0.266
14707,negative,0.342,0.658
15577,negative,0.152,0.848
21595,positive,0.974,0.026
6803,positive,0.975,0.025
44385,positive,0.941,0.059
16915,positive,0.962,0.038
16139,positive,0.753,0.247
27594,positive,0.552,0.448
20321,negative,0.346,0.654
26715,negative,0.078,0.922
14631,positive,0.976,0.024
17239,positive,0.971,0.029
40317,negative,0.229,0.771
43857,positive,0.726,0.274
24609,negative,0.135,0.865
42802,positive,0.993,0.007
10754,positive,0.991,0.009
29849,negative,0.307,0.693
14413,negative,0.089,0.911
3706,negative,0.13,0.87
36316,negative,0.465,0.535
23750,negative,0.071,0.929
5177,positive,0.717,0.283
10866,positive,0.993,0.007
16339,positive,0.989,0.011
9232,positive,0.952,0.048
20944,positive,0.984,0.016
20713,negative,0.096,0.904
44120,positive,0.891,0.109
25443,positive,0.964,0.036
36176,positive,0.987,0.013
11501,negative,0.421,0.579
38764,positive,0.946,0.054
17109,positive,0.801,0.199
14722,positive,0.827,0.173
17083,positive,0.991,0.009
24661,positive,0.954,0.046
4927,negative,0.156,0.844
16827,positive,0.977,0.023
14398,positive,0.99,0.01
35607,negative,0.046,0.954
16255,positive,0.968,0.032
28958,negative,0.407,0.593
37504,negative,0.031,0.969
43067,positive,0.769,0.231
19307,positive,0.967,0.033
5082,positive,0.992,0.008
4313,positive,0.957,0.043
36310,negative,0.447,0.553
4746,positive,0.979,0.021
43795,positive,0.967,0.033
24432,positive,0.747,0.253
15648,negative,0.348,0.652
17873,positive,0.95,0.05
13774,positive,0.989,0.011
32805,positive,0.984,0.016
44763,positive,0.866,0.134
23638,positive,0.992,0.008
13505,positive,0.654,0.346
11642,negative,0.097,0.903
7945,positive,0.987,0.013
26695,positive,0.843,0.157
33655,positive,0.658,0.342
19572,positive,0.99,0.01
35088,positive,0.781,0.219
28980,negative,0.383,0.617
38474,negative,0.307,0.693
28469,positive,0.581,0.419
32180,positive,0.988,0.012
35302,positive,0.894,0.106
19142,negative,0.052,0.948
35671,positive,0.967,0.033
33039,positive,0.953,0.047
4175,positive,0.639,0.361
6773,positive,0.984,0.016
16242,positive,0.98,0.02
10765,positive,0.972,0.028
8379,negative,0.289,0.711
19470,positive,0.944,0.056
24727,negative,0.281,0.719
10804,positive,0.949,0.051
15215,negative,0.19,0.81
21747,negative,0.129,0.871
39831,negative,0.404,0.596
40387,positive,0.663,0.337
4568,positive,0.978,0.022
7833,positive,0.981,0.019
27832,positive,0.832,0.168
27417,positive,0.961,0.039
12978,positive,0.928,0.072
23969,negative,0.071,0.929
14943,positive,0.861,0.139
7981,positive,0.711,0.289
605,positive,0.969,0.031
2130,positive,0.976,0.024
26966,positive,0.989,0.011
33784,positive,0.977,0.023
22560,negative,0.12,0.88
18203,positive,0.886,0.114
1338,positive,0.989,0.011
35054,positive,0.982,0.018
1195,negative,0.211,0.789
21596,negative,0.382,0.618
5301,negative,0.133,0.867
27636,positive,0.993,0.007
10598,negative,0.174,0.826
28185,positive,0.968,0.032
15592,positive,0.974,0.026
17071,negative,0.226,0.774
6277,negative,0.424,0.576
14079,positive,0.602,0.398
23963,positive,0.99,0.01
26592,positive,0.951,0.049
3098,negative,0.133,0.867
14775,positive,0.984,0.016
3576,positive,0.908,0.092
13823,positive,0.94,0.06
1910,negative,0.347,0.653
13072,negative,0.32,0.68
16310,positive,0.986,0.014
2913,positive,0.963,0.037
19005,positive,0.963,0.037
25800,positive,0.989,0.011
30884,positive,0.954,0.046
17370,positive,0.964,0.036
14255,negative,0.153,0.847
15487,positive,0.96,0.04
36789,positive,0.991,0.009
2994,positive,0.677,0.323
13717,negative,0.171,0.829
8519,negative,0.07,0.93
20310,negative,0.077,0.923
12667,positive,0.967,0.033
13906,positive,0.682,0.318
43789,negative,0.428,0.572
19805,positive,0.97,0.03
28070,positive,0.988,0.012
26558,positive,0.565,0.435
1362,positive,0.994,0.006
39175,positive,0.99,0.01
38786,positive,0.735,0.265
16022,positive,0.689,0.311
9909,positive,0.992,0.008
13713,negative,0.139,0.861
33272,negative,0.08,0.92
24675,positive,0.994,0.006
39811,positive,0.985,0.015
2477,negative,0.147,0.853
3975,positive,0.619,0.381
21192,positive,0.633,0.367
33938,positive,0.94,0.06
41022,negative,0.044,0.956
5684,positive,0.57,0.43
19825,positive,0.97,0.03
36111,positive,0.99,0.01
21609,negative,0.398,0.602
13139,positive,0.803,0.197
24925,positive,0.516,0.484
3860,positive,0.954,0.046
41650,positive,0.786,0.214
12528,negative,0.097,0.903
16470,negative,0.14,0.86
15751,positive,0.994,0.006
20396,negative,0.484,0.516
24935,positive,0.694,0.306
19678,negative,0.124,0.876
22986,positive,0.985,0.015
33978,positive,0.971,0.029
13450,positive,0.949,0.051
18725,positive,0.906,0.094
15523,positive,0.942,0.058
28471,positive,0.549,0.451
28508,negative,0.127,0.873
44572,positive,0.88,0.12
23090,positive,0.925,0.075
3904,positive,0.992,0.008
14202,positive,0.976,0.024
15986,negative,0.139,0.861
34152,positive,0.987,0.013
3796,positive,0.745,0.255
42042,positive,0.952,0.048
39075,positive,0.769,0.231
4628,positive,0.992,0.008
25378,negative,0.077,0.923
29772,positive,0.94,0.06
20017,negative,0.082,0.918
41758,negative,0.164,0.836
30047,negative,0.44,0.56
22117,negative,0.072,0.928
745,negative,0.151,0.849
81,negative,0.121,0.879
34450,positive,0.978,0.022
24326,positive,0.947,0.053
20655,negative,0.112,0.888
7273,positive,0.621,0.379
15011,positive,0.989,0.011
22011,negative,0.352,0.648
18202,negative,0.122,0.878
34143,negative,0.133,0.867
15317,negative,0.217,0.783
35514,negative,0.185,0.815
26325,positive,0.991,0.009
14761,negative,0.431,0.569
26880,negative,0.071,0.929
20142,positive,0.983,0.017
11189,negative,0.123,0.877
23514,negative,0.394,0.606
14681,positive,0.932,0.068
19296,positive,0.993,0.007
26390,positive,0.992,0.008
352,negative,0.123,0.877
359,negative,0.121,0.879
13840,positive,0.981,0.019
15165,positive,0.88,0.12
14589,negative,0.216,0.784
12971,positive,0.987,0.013
30274,negative,0.075,0.925
14783,positive,0.986,0.014
6799,positive,0.83,0.17
26509,positive,0.887,0.113
27924,negative,0.049,0.951
12048,negative,0.287,0.713
36216,positive,0.695,0.305
35232,positive,0.506,0.494
15774,negative,0.486,0.514
22344,positive,0.986,0.014
14175,negative,0.061,0.939
416,positive,0.835,0.165
14921,positive,0.977,0.023
36708,positive,0.978,0.022
8214,positive,0.921,0.079
42886,positive,0.747,0.253
45068,positive,0.884,0.116
31946,positive,0.977,0.023
6963,negative,0.234,0.766
29852,negative,0.036,0.964
40618,positive,0.992,0.008
31727,negative,0.304,0.696
20174,positive,0.984,0.016
20293,negative,0.337,0.663
28992,negative,0.098,0.902
16251,negative,0.125,0.875
24491,positive,0.807,0.193
16824,positive,0.948,0.052
20091,positive,0.989,0.011
4785,positive,0.94,0.06
17343,positive,0.973,0.027
31772,positive,0.854,0.146
24078,negative,0.4,0.6
15614,positive,0.988,0.012
30779,positive,0.984,0.016
22646,positive,0.775,0.225
25795,positive,0.982,0.018
2127,negative,0.077,0.923
42875,negative,0.257,0.743
3522,positive,0.981,0.019
17767,positive,0.683,0.317
7621,positive,0.984,0.016
15722,negative,0.201,0.799
12916,positive,0.929,0.071
26234,positive,0.963,0.037
4840,negative,0.239,0.761
30943,positive,0.723,0.277
6241,negative,0.256,0.744
13937,positive,0.711,0.289
43688,positive,0.99,0.01
40143,positive,0.713,0.287
36045,negative,0.053,0.947
7901,negative,0.032,0.968
12032,positive,0.978,0.022
16127,positive,0.909,0.091
44954,positive,0.967,0.033
43629,negative,0.28,0.72
61,negative,0.165,0.835
13883,negative,0.184,0.816
42369,positive,0.906,0.094
13989,negative,0.063,0.937
21107,positive,0.968,0.032
18884,negative,0.028,0.972
43925,positive,0.822,0.178
3495,negative,0.369,0.631
24473,positive,0.672,0.328
42940,negative,0.283,0.717
30487,positive,0.987,0.013
19046,negative,0.43,0.57
8470,negative,0.108,0.892
30713,positive,0.791,0.209
29013,negative,0.18,0.82
3766,positive,0.522,0.478
7758,positive,0.517,0.483
15383,negative,0.078,0.922
20051,positive,0.996,0.004
24207,positive,0.866,0.134
33744,positive,0.862,0.138
23570,positive,0.633,0.367
22277,negative,0.3,0.7
2910,positive,0.982,0.018
34966,positive,0.535,0.465
4314,positive,0.647,0.353
21329,negative,0.084,0.916
26925,negative,0.104,0.896
15901,positive,0.985,0.015
12743,positive,0.991,0.009
2281,positive,0.99,0.01
880,negative,0.237,0.763
25350,negative,0.048,0.952
23539,negative,0.161,0.839
32130,positive,0.992,0.008
16986,positive,0.985,0.015
22220,positive,0.566,0.434
15053,positive,0.987,0.013
31137,negative,0.081,0.919
2476,positive,0.984,0.016
18879,positive,0.981,0.019
18580,positive,0.975,0.025
28883,positive,0.689,0.311
26829,positive,0.953,0.047
8224,negative,0.112,0.888
22923,positive,0.98,0.02
26498,positive,0.942,0.058
24124,negative,0.112,0.888
38220,positive,0.983,0.017
30320,positive,0.991,0.009
8479,negative,0.076,0.924
13102,negative,0.432,0.568
26494,positive,0.67,0.33
12976,negative,0.379,0.621
16323,positive,0.725,0.275
4743,positive,0.985,0.015
5193,positive,0.984,0.016
33370,negative,0.17,0.83
17789,positive,0.989,0.011
3639,positive,0.983,0.017
19434,negative,0.203,0.797
17072,negative,0.237,0.763
3081,positive,0.931,0.069
13668,positive,0.991,0.009
43421,positive,0.965,0.035
1934,positive,0.945,0.055
33462,negative,0.12,0.88
16317,positive,0.984,0.016
6390,positive,0.991,0.009
20597,negative,0.157,0.843
26970,positive,0.993,0.007
19902,negative,0.171,0.829
28586,positive,0.536,0.464
43682,positive,0.979,0.021
41166,positive,0.992,0.008
24697,negative,0.387,0.613
23958,positive,0.993,0.007
561,positive,0.906,0.094
11487,positive,0.581,0.419
21818,positive,0.948,0.052
18965,positive,0.603,0.397
16866,negative,0.099,0.901
14879,negative,0.131,0.869
2993,positive,0.962,0.038
22713,positive,0.981,0.019
12959,positive,0.588,0.412
43139,negative,0.365,0.635
11657,positive,0.97,0.03
36467,negative,0.258,0.742
38056,positive,0.678,0.322
16957,negative,0.242,0.758
37838,positive,0.821,0.179
39361,negative,0.123,0.877
43337,positive,0.989,0.011
37009,positive,0.99,0.01
13961,negative,0.099,0.901
32634,negative,0.102,0.898
28625,positive,0.577,0.423
2431,positive,0.98,0.02
17457,positive,0.984,0.016
14999,negative,0.312,0.688
34535,negative,0.095,0.905
12087,positive,0.924,0.076
17015,positive,0.976,0.024
12088,positive,0.986,0.014
26459,positive,0.981,0.019
17616,positive,0.992,0.008
35295,positive,0.949,0.051
31363,negative,0.177,0.823
41791,negative,0.058,0.942
16903,positive,0.993,0.007
35524,negative,0.215,0.785
4516,positive,0.977,0.023
2982,positive,0.981,0.019
1499,negative,0.329,0.671
13144,positive,0.897,0.103
37211,negative,0.192,0.808
39828,negative,0.33,0.67
23256,positive,0.981,0.019
4347,negative,0.152,0.848
30239,positive,0.663,0.337
13830,negative,0.057,0.943
25626,positive,0.91,0.09
1008,negative,0.414,0.586
3457,positive,0.989,0.011
44279,negative,0.344,0.656
13212,positive,0.987,0.013
40570,positive,0.993,0.007
39289,positive,0.992,0.008
39485,positive,0.986,0.014
35433,positive,0.863,0.137
6111,negative,0.483,0.517
24328,positive,0.975,0.025
8771,negative,0.476,0.524
12809,positive,0.966,0.034
41471,positive,0.775,0.225
27752,negative,0.433,0.567
27967,negative,0.287,0.713
17963,negative,0.226,0.774
4417,negative,0.085,0.915
16465,negative,0.302,0.698
36841,negative,0.117,0.883
3614,negative,0.13,0.87
30636,positive,0.974,0.026
3195,positive,0.968,0.032
37899,positive,0.925,0.075
23919,positive,0.94,0.06
13964,positive,0.985,0.015
24686,negative,0.223,0.777
2549,positive,0.98,0.02
30235,negative,0.158,0.842
42519,negative,0.412,0.588
25406,negative,0.04,0.96
14712,positive,0.646,0.354
2882,negative,0.271,0.729
31681,positive,0.742,0.258
16303,positive,0.98,0.02
41634,positive,0.993,0.007
23953,positive,0.903,0.097
2467,positive,0.947,0.053
35444,positive,0.974,0.026
39172,positive,0.99,0.01
22844,positive,0.965,0.035
41820,negative,0.091,0.909
40422,negative,0.049,0.951
43218,positive,0.906,0.094
28867,positive,0.903,0.097
24970,positive,0.986,0.014
11391,negative,0.456,0.544
40248,negative,0.016,0.984
25781,positive,0.984,0.016
36612,positive,0.854,0.146
10285,negative,0.061,0.939
43962,negative,0.073,0.927
17866,positive,0.983,0.017
14735,negative,0.377,0.623
27609,positive,0.975,0.025
14349,negative,0.299,0.701
39304,positive,0.991,0.009
29915,positive,0.939,0.061
26382,positive,0.929,0.071
25201,negative,0.115,0.885
29626,negative,0.14,0.86
1511,negative,0.15,0.85
27033,positive,0.989,0.011
28203,negative,0.228,0.772
12212,negative,0.043,0.957
22395,positive,0.627,0.373
13738,negative,0.172,0.828
12790,positive,0.992,0.008
252,positive,0.974,0.026
21014,positive,0.93,0.07
16480,negative,0.248,0.752
39480,positive,0.991,0.009
19676,negative,0.081,0.919
22352,negative,0.078,0.922
44732,negative,0.131,0.869
19550,negative,0.048,0.952
9510,positive,0.978,0.022
2371,negative,0.422,0.578
35711,negative,0.476,0.524
1015,negative,0.171,0.829
21880,negative,0.161,0.839
42691,negative,0.398,0.602
24739,positive,0.901,0.099
13822,negative,0.192,0.808
13481,positive,0.885,0.115
27528,negative,0.164,0.836
27127,positive,0.976,0.024
32721,positive,0.965,0.035
40186,negative,0.073,0.927
17351,positive,0.677,0.323
10342,positive,0.742,0.258
25723,positive,0.916,0.084
32426,positive,0.983,0.017
35575,positive,0.991,0.009
14395,negative,0.133,0.867
11299,negative,0.091,0.909
7548,negative,0.215,0.785
28839,positive,0.703,0.297
32657,negative,0.234,0.766
16161,negative,0.173,0.827
14553,positive,0.93,0.07
32799,negative,0.28,0.72
37493,negative,0.142,0.858
16138,negative,0.302,0.698
3335,negative,0.284,0.716
20569,negative,0.28,0.72
24205,negative,0.335,0.665
14687,positive,0.985,0.015
3659,positive,0.661,0.339
34779,positive,0.991,0.009
9791,positive,0.993,0.007
26295,negative,0.24,0.76
28208,positive,0.771,0.229
19484,positive,0.987,0.013
44528,negative,0.128,0.872
44573,positive,0.983,0.017
34878,negative,0.406,0.594
12657,positive,0.801,0.199
28221,positive,0.667,0.333
12625,positive,0.691,0.309
13756,positive,0.991,0.009
2295,positive,0.959,0.041
15902,negative,0.143,0.857
2557,negative,0.157,0.843
26777,negative,0.04,0.96
21390,positive,0.987,0.013
31554,positive,0.594,0.406
28631,positive,0.989,0.011
22889,positive,0.974,0.026
23816,positive,0.91,0.09
1656,positive,0.993,0.007
41606,negative,0.06,0.94
16424,positive,0.991,0.009
28861,positive,0.968,0.032
8124,positive,0.912,0.088
44687,positive,0.992,0.008
39716,positive,0.722,0.278
26719,positive,0.956,0.044
8689,negative,0.065,0.935
11891,positive,0.99,0.01
40525,positive,0.99,0.01
13879,negative,0.074,0.926
27562,positive,0.99,0.01
15198,negative,0.05,0.95
337,negative,0.14,0.86
15778,negative,0.213,0.787
12824,positive,0.913,0.087
14347,positive,0.543,0.457
36105,positive,0.916,0.084
31483,positive,0.673,0.327
38078,negative,0.095,0.905
31307,negative,0.106,0.894
21678,positive,0.994,0.006
6613,positive,0.967,0.033
32226,positive,0.934,0.066
24475,positive,0.777,0.223
24588,positive,0.99,0.01
4887,negative,0.19,0.81
14667,positive,0.972,0.028
27578,negative,0.169,0.831
29359,positive,0.577,0.423
18790,positive,0.609,0.391
42642,negative,0.295,0.705
28344,negative,0.232,0.768
1207,negative,0.093,0.907
31519,positive,0.991,0.009
34554,negative,0.144,0.856
28456,negative,0.068,0.932
8097,negative,0.387,0.613
27994,negative,0.174,0.826
38049,negative,0.131,0.869
19438,negative,0.037,0.963
1539,negative,0.243,0.757
22440,negative,0.094,0.906
21807,negative,0.23,0.77
34272,positive,0.899,0.101
26265,positive,0.557,0.443
42522,negative,0.103,0.897
10592,negative,0.327,0.673
27476,positive,0.974,0.026
26038,negative,0.173,0.827
18044,positive,0.975,0.025
38943,negative,0.252,0.748
25942,negative,0.102,0.898
33082,negative,0.43,0.57
28870,positive,0.987,0.013
17784,positive,0.973,0.027
32895,positive,0.975,0.025
29008,positive,0.993,0.007
19258,negative,0.306,0.694
36126,negative,0.138,0.862
28660,positive,0.798,0.202
23825,negative,0.097,0.903
42826,positive,0.981,0.019
3461,negative,0.072,0.928
20209,negative,0.229,0.771
31281,positive,0.991,0.009
30972,positive,0.937,0.063
5715,positive,0.878,0.122
17165,positive,0.687,0.313
27370,positive,0.878,0.122
40893,positive,0.985,0.015
10645,negative,0.47,0.53
22500,negative,0.132,0.868
20680,positive,0.948,0.052
2517,negative,0.405,0.595
2731,positive,0.987,0.013
3497,negative,0.329,0.671
29107,negative,0.133,0.867
24099,positive,0.993,0.007
15927,negative,0.38,0.62
33469,negative,0.213,0.787
24557,negative,0.235,0.765
16700,positive,0.854,0.146
14385,negative,0.147,0.853
10361,positive,0.901,0.099
41601,negative,0.161,0.839
22705,positive,0.644,0.356
23960,negative,0.037,0.963
16164,positive,0.991,0.009
29086,negative,0.203,0.797
32057,positive,0.951,0.049
28866,negative,0.253,0.747
40832,negative,0.19,0.81
15312,negative,0.08,0.92
11088,negative,0.066,0.934
21999,negative,0.376,0.624
32708,negative,0.07,0.93
22460,positive,0.991,0.009
24839,negative,0.11,0.89
30698,positive,0.609,0.391
22397,positive,0.771,0.229
16042,positive,0.978,0.022
37864,positive,0.611,0.389
3983,negative,0.137,0.863
3809,positive,0.977,0.023
45260,negative,0.032,0.968
31706,positive,0.533,0.467
22279,positive,0.976,0.024
25195,negative,0.231,0.769
20309,positive,0.967,0.033
26160,positive,0.87,0.13
7350,positive,0.991,0.009
19467,positive,0.978,0.022
28178,positive,0.986,0.014
43401,negative,0.47,0.53
2014,positive,0.727,0.273
33032,negative,0.124,0.876
23935,negative,0.267,0.733
30708,positive,0.901,0.099
29171,negative,0.08,0.92
14158,negative,0.101,0.899
14346,negative,0.41,0.59
11617,negative,0.044,0.956
39086,positive,0.768,0.232
30625,positive,0.669,0.331
14609,positive,0.966,0.034
25156,positive,0.914,0.086
18453,negative,0.053,0.947
2069,negative,0.348,0.652
26615,positive,0.981,0.019
30992,negative,0.488,0.512
14302,negative,0.087,0.913
6005,positive,0.952,0.048
466,positive,0.987,0.013
14434,negative,0.052,0.948
17777,positive,0.7,0.3
33166,positive,0.99,0.01
29819,positive,0.654,0.346
12006,negative,0.077,0.923
15904,negative,0.164,0.836
19053,negative,0.477,0.523
24732,positive,0.994,0.006
4534,negative,0.369,0.631
629,positive,0.641,0.359
27686,positive,0.931,0.069
36120,positive,0.529,0.471
35459,positive,0.962,0.038
4285,negative,0.436,0.564
13390,negative,0.19,0.81
30544,positive,0.622,0.378
40242,negative,0.353,0.647
16119,positive,0.748,0.252
4481,negative,0.164,0.836
22000,negative,0.143,0.857
31041,positive,0.99,0.01
34264,negative,0.12,0.88
30588,positive,0.984,0.016
1969,positive,0.974,0.026
23110,positive,0.641,0.359
28395,negative,0.155,0.845
20613,positive,0.931,0.069
11609,positive,0.989,0.011
38933,positive,0.981,0.019
29026,positive,0.966,0.034
16733,positive,0.975,0.025
11248,positive,0.817,0.183
41501,negative,0.1,0.9
27975,positive,0.978,0.022
8447,negative,0.091,0.909
20970,negative,0.256,0.744
17820,negative,0.291,0.709
28230,negative,0.149,0.851
37094,negative,0.19,0.81
24408,positive,0.992,0.008
40188,negative,0.202,0.798
1425,positive,0.923,0.077
13781,positive,0.989,0.011
28493,negative,0.205,0.795
18971,negative,0.104,0.896
6297,negative,0.165,0.835
7829,positive,0.754,0.246
16045,negative,0.133,0.867
10673,negative,0.05,0.95
4036,positive,0.989,0.011
25492,positive,0.708,0.292
43212,positive,0.964,0.036
18849,positive,0.519,0.481
17062,negative,0.062,0.938
16084,positive,0.783,0.217
44517,negative,0.115,0.885
5969,positive,0.973,0.027
11127,negative,0.308,0.692
30481,positive,0.648,0.352
35101,negative,0.094,0.906
30066,positive,0.757,0.243
14679,negative,0.115,0.885
20593,positive,0.989,0.011
11099,positive,0.844,0.156
4618,positive,0.517,0.483
45043,negative,0.194,0.806
24542,positive,0.981,0.019
28311,positive,0.527,0.473
6191,positive,0.976,0.024
26327,negative,0.234,0.766
15064,negative,0.229,0.771
31323,positive,0.834,0.166
32381,positive,0.964,0.036
28272,positive,0.984,0.016
33859,positive,0.991,0.009
16435,negative,0.041,0.959
26103,negative,0.373,0.627
19819,positive,0.965,0.035
22295,positive,0.782,0.218
41814,negative,0.063,0.937
11077,negative,0.091,0.909
27157,positive,0.762,0.238
29223,negative,0.126,0.874
11772,negative,0.328,0.672
2536,negative,0.14,0.86
2861,negative,0.121,0.879
17252,positive,0.856,0.144
13263,positive,0.963,0.037
19007,positive,0.988,0.012
29006,positive,0.519,0.481
7217,positive,0.986,0.014
41834,positive,0.825,0.175
13951,negative,0.231,0.769
23298,negative,0.111,0.889
15764,negative,0.449,0.551
24037,positive,0.953,0.047
30795,negative,0.126,0.874
26528,negative,0.077,0.923
14819,negative,0.123,0.877
17719,positive,0.927,0.073
13579,negative,0.031,0.969
30515,positive,0.95,0.05
21386,negative,0.107,0.893
30141,positive,0.976,0.024
37292,negative,0.303,0.697
15002,positive,0.992,0.008
3439,positive,0.987,0.013
20579,negative,0.209,0.791
9974,negative,0.158,0.842
39704,negative,0.123,0.877
40807,negative,0.21,0.79
19250,negative,0.196,0.804
24564,negative,0.067,0.933
18094,negative,0.021,0.979
11105,negative,0.262,0.738
24232,positive,0.977,0.023
22012,positive,0.984,0.016
24733,negative,0.086,0.914
16121,positive,0.993,0.007
38817,positive,0.991,0.009
10966,negative,0.045,0.955
38331,positive,0.988,0.012
38013,positive,0.988,0.012
33948,positive,0.991,0.009
18732,negative,0.073,0.927
12652,negative,0.074,0.926
45127,negative,0.433,0.567
28655,positive,0.977,0.023
37226,positive,0.938,0.062
42593,positive,0.975,0.025
33250,positive,0.664,0.336
22057,negative,0.099,0.901
4045,negative,0.046,0.954
38085,negative,0.141,0.859
39529,negative,0.422,0.578
40920,negative,0.208,0.792
36464,positive,0.87,0.13
30095,positive,0.599,0.401
14407,positive,0.52,0.48
20408,positive,0.989,0.011
5012,positive,0.743,0.257
27449,negative,0.159,0.841
19016,negative,0.446,0.554
26856,negative,0.145,0.855
28063,negative,0.39,0.61
9849,negative,0.076,0.924
31116,positive,0.979,0.021
19164,negative,0.06,0.94
13277,negative,0.097,0.903
3184,negative,0.273,0.727
25580,positive,0.967,0.033
10162,negative,0.275,0.725
35199,positive,0.973,0.027
28106,negative,0.105,0.895
28657,negative,0.161,0.839
3,negative,0.097,0.903
24133,positive,0.974,0.026
12599,positive,0.744,0.256
43506,positive,0.993,0.007
20586,positive,0.873,0.127
34388,positive,0.938,0.062
22973,negative,0.057,0.943
31866,positive,0.964,0.036
25924,negative,0.384,0.616
35027,positive,0.97,0.03
11637,positive,0.977,0.023
2728,negative,0.143,0.857
35231,negative,0.184,0.816
18280,negative,0.222,0.778
10379,negative,0.229,0.771
29023,positive,0.97,0.03
19297,positive,0.982,0.018
4903,negative,0.364,0.636
28954,negative,0.445,0.555
33526,positive,0.509,0.491
39588,negative,0.049,0.951
22413,negative,0.096,0.904
23687,negative,0.166,0.834
4759,positive,0.989,0.011
29845,negative,0.098,0.902
25716,positive,0.982,0.018
10134,positive,0.979,0.021
7917,negative,0.122,0.878
12358,negative,0.26,0.74
33470,positive,0.989,0.011
40301,negative,0.188,0.812
30306,positive,0.973,0.027
19507,positive,0.949,0.051
18179,positive,0.964,0.036
3561,negative,0.17,0.83
9419,positive,0.976,0.024
43958,positive,0.59,0.41
14859,negative,0.442,0.558
44880,negative,0.099,0.901
20217,negative,0.293,0.707
5545,negative,0.308,0.692
2401,negative,0.34,0.66
35930,positive,0.973,0.027
939,negative,0.137,0.863
29406,negative,0.038,0.962
10656,positive,0.965,0.035
18234,positive,0.994,0.006
13161,negative,0.085,0.915
33671,negative,0.276,0.724
38487,negative,0.035,0.965
1920,positive,0.916,0.084
31745,negative,0.489,0.511
30647,negative,0.133,0.867
40391,positive,0.961,0.039
32628,positive,0.983,0.017
28563,positive,0.977,0.023
7597,negative,0.109,0.891
15672,negative,0.117,0.883
22548,positive,0.922,0.078
4191,positive,0.927,0.073
11801,negative,0.032,0.968
29863,negative,0.195,0.805
26397,positive,0.962,0.038
27452,negative,0.488,0.512
20866,negative,0.139,0.861
2395,positive,0.735,0.265
38008,positive,0.922,0.078
27558,negative,0.299,0.701
15924,positive,0.988,0.012
18131,negative,0.396,0.604
6016,positive,0.985,0.015
22659,positive,0.907,0.093
19968,negative,0.225,0.775
892,negative,0.266,0.734
15467,positive,0.991,0.009
21687,positive,0.925,0.075
32665,positive,0.992,0.008
16595,positive,0.987,0.013
35171,positive,0.879,0.121
22495,negative,0.328,0.672
24707,negative,0.063,0.937
37687,negative,0.282,0.718
28029,positive,0.579,0.421
12964,negative,0.16,0.84
40321,positive,0.939,0.061
12109,negative,0.267,0.733
22067,positive,0.99,0.01
1784,negative,0.053,0.947
41573,negative,0.267,0.733
16016,negative,0.153,0.847
28392,negative,0.118,0.882
24840,positive,0.953,0.047
35052,negative,0.482,0.518
38393,negative,0.094,0.906
15625,positive,0.981,0.019
17429,negative,0.138,0.862
27313,positive,0.781,0.219
34626,negative,0.482,0.518
19917,positive,0.991,0.009
2793,negative,0.17,0.83
12462,negative,0.331,0.669
24220,negative,0.037,0.963
37921,negative,0.069,0.931
34325,negative,0.23,0.77
28547,negative,0.377,0.623
13686,positive,0.974,0.026
10473,negative,0.424,0.576
1859,negative,0.497,0.503
24288,negative,0.032,0.968
37312,negative,0.214,0.786
5129,positive,0.897,0.103
30966,negative,0.058,0.942
8276,negative,0.188,0.812
37549,negative,0.086,0.914
12661,negative,0.139,0.861
17018,negative,0.061,0.939
31056,negative,0.161,0.839
42277,positive,0.821,0.179
37750,positive,0.588,0.412
14328,positive,0.988,0.012
10466,negative,0.057,0.943
35537,positive,0.873,0.127
15282,positive,0.746,0.254
38473,negative,0.15,0.85
15873,negative,0.21,0.79
23327,positive,0.747,0.253
7968,positive,0.83,0.17
3726,negative,0.108,0.892
31295,negative,0.25,0.75
32807,negative,0.341,0.659
1247,positive,0.993,0.007
28925,negative,0.172,0.828
2866,positive,0.937,0.063
24647,negative,0.33,0.67
13465,negative,0.225,0.775
10419,negative,0.245,0.755
19680,positive,0.981,0.019
14756,negative,0.023,0.977
44672,positive,0.771,0.229
19913,negative,0.49,0.51
40107,positive,0.738,0.262
19285,negative,0.263,0.737
18388,negative,0.104,0.896
28546,positive,0.993,0.007
17197,positive,0.721,0.279
14506,negative,0.165,0.835
23407,positive,0.985,0.015
26376,negative,0.036,0.964
26946,negative,0.379,0.621
3551,negative,0.387,0.613
25579,negative,0.035,0.965
13480,positive,0.992,0.008
12531,negative,0.117,0.883
7942,negative,0.152,0.848
33818,positive,0.974,0.026
10807,negative,0.147,0.853
22226,negative,0.117,0.883
24400,positive,0.86,0.14
4123,negative,0.108,0.892
44736,positive,0.826,0.174
24821,positive,0.858,0.142
23253,positive,0.942,0.058
24789,positive,0.969,0.031
35068,positive,0.621,0.379
37267,positive,0.991,0.009
25079,negative,0.065,0.935
24112,positive,0.991,0.009
24089,negative,0.221,0.779
44067,negative,0.442,0.558
5476,positive,0.978,0.022
31253,negative,0.452,0.548
38001,positive,0.613,0.387
35740,positive,0.974,0.026
8246,negative,0.089,0.911
41453,positive,0.986,0.014
11660,positive,0.947,0.053
22330,positive,0.846,0.154
12997,negative,0.219,0.781
15303,negative,0.05,0.95
837,positive,0.73,0.27
13920,negative,0.132,0.868
27305,negative,0.077,0.923
775,positive,0.518,0.482
39739,negative,0.259,0.741
28385,positive,0.875,0.125
22163,positive,0.985,0.015
6499,positive,0.912,0.088
3717,positive,0.937,0.063
26155,positive,0.991,0.009
36991,positive,0.991,0.009
19233,negative,0.459,0.541
36988,positive,0.981,0.019
32224,positive,0.974,0.026
22036,positive,0.984,0.016
24499,positive,0.985,0.015
19272,positive,0.985,0.015
8050,negative,0.149,0.851
2819,positive,0.837,0.163
32930,negative,0.121,0.879
30389,positive,0.841,0.159
8641,negative,0.38,0.62
39855,positive,0.923,0.077
19262,negative,0.04,0.96
16243,negative,0.14,0.86
6322,positive,0.55,0.45
41252,negative,0.066,0.934
30794,negative,0.112,0.888
15726,negative,0.049,0.951
41909,negative,0.079,0.921
8059,negative,0.152,0.848
6818,negative,0.313,0.687
13873,negative,0.153,0.847
2276,positive,0.944,0.056
26688,negative,0.225,0.775
24077,positive,0.954,0.046
2278,negative,0.174,0.826
16905,negative,0.407,0.593
14785,negative,0.213,0.787
43731,negative,0.221,0.779
12656,positive,0.83,0.17
15372,positive,0.548,0.452
9929,negative,0.043,0.957
42843,negative,0.131,0.869
37614,positive,0.98,0.02
19252,negative,0.424,0.576
2705,positive,0.955,0.045
19321,positive,0.99,0.01
10600,positive,0.969,0.031
13602,positive,0.545,0.455
44451,positive,0.994,0.006
3463,negative,0.382,0.618
43518,negative,0.107,0.893
36215,negative,0.184,0.816
13583,positive,0.981,0.019
24944,positive,0.982,0.018
37143,positive,0.943,0.057
27119,negative,0.076,0.924
26826,positive,0.557,0.443
3971,negative,0.3,0.7
41804,positive,0.934,0.066
19561,negative,0.15,0.85
28647,negative,0.34,0.66
3138,negative,0.39,0.61
19148,positive,0.975,0.025
43508,positive,0.925,0.075
6706,negative,0.206,0.794
8098,positive,0.859,0.141
40533,positive,0.959,0.041
17865,positive,0.776,0.224
14951,negative,0.214,0.786
17656,positive,0.787,0.213
1917,positive,0.942,0.058
30979,positive,0.973,0.027
28285,positive,0.981,0.019
33135,positive,0.716,0.284
30550,negative,0.107,0.893
18547,positive,0.926,0.074
39166,positive,0.99,0.01
26652,positive,0.989,0.011
12382,positive,0.978,0.022
14933,negative,0.121,0.879
24210,negative,0.086,0.914
15222,positive,0.978,0.022
25279,negative,0.151,0.849
34735,positive,0.506,0.494
30361,positive,0.706,0.294
19476,positive,0.745,0.255
44756,positive,0.958,0.042
42299,negative,0.251,0.749
27211,negative,0.256,0.744
1828,negative,0.436,0.564
33658,negative,0.25,0.75
13233,positive,0.99,0.01
15753,positive,0.962,0.038
30275,positive,0.987,0.013
27220,positive,0.842,0.158
19504,positive,0.988,0.012
16758,positive,0.972,0.028
22113,positive,0.935,0.065
19391,positive,0.867,0.133
14352,negative,0.337,0.663
3623,positive,0.888,0.112
11034,positive,0.639,0.361
14130,negative,0.024,0.976
26539,negative,0.245,0.755
27158,negative,0.127,0.873
1419,negative,0.25,0.75
27065,positive,0.72,0.28
32135,negative,0.036,0.964
15611,negative,0.482,0.518
27228,negative,0.079,0.921
26793,positive,0.87,0.13
8896,negative,0.176,0.824
16178,negative,0.072,0.928
28213,negative,0.245,0.755
4693,negative,0.191,0.809
13639,positive,0.992,0.008
1753,negative,0.185,0.815
39918,positive,0.594,0.406
7122,negative,0.438,0.562
17189,negative,0.067,0.933
7987,positive,0.981,0.019
24486,negative,0.2,0.8
9087,negative,0.388,0.612
28972,positive,0.986,0.014
25158,negative,0.126,0.874
6253,positive,0.958,0.042
16896,negative,0.174,0.826
16761,positive,0.566,0.434
15414,negative,0.326,0.674
40634,positive,0.969,0.031
31017,positive,0.71,0.29
14809,negative,0.198,0.802
41417,negative,0.303,0.697
22296,negative,0.454,0.546
15710,negative,0.2,0.8
22212,negative,0.189,0.811
27771,negative,0.053,0.947
28597,positive,0.993,0.007
42829,positive,0.569,0.431
35841,negative,0.064,0.936
26467,negative,0.282,0.718
30639,negative,0.079,0.921
11924,negative,0.396,0.604
10805,positive,0.849,0.151
14218,positive,0.606,0.394
15689,negative,0.122,0.878
39128,positive,0.987,0.013
3517,negative,0.428,0.572
23651,positive,0.553,0.447
45089,positive,0.935,0.065
20080,negative,0.055,0.945
25059,negative,0.05,0.95
11113,positive,0.987,0.013
2079,negative,0.414,0.586
4742,positive,0.967,0.033
11838,positive,0.707,0.293
29137,negative,0.498,0.502
1472,positive,0.953,0.047
37799,positive,0.846,0.154
24211,negative,0.213,0.787
22770,negative,0.24,0.76
24946,positive,0.796,0.204
4537,negative,0.111,0.889
18074,negative,0.121,0.879
28615,negative,0.196,0.804
22095,positive,0.982,0.018
34805,negative,0.049,0.951
5146,negative,0.161,0.839
17065,negative,0.109,0.891
12941,negative,0.243,0.757
7815,positive,0.992,0.008
1543,positive,0.973,0.027
27691,negative,0.13,0.87
28720,positive,0.903,0.097
14283,negative,0.291,0.709
26631,positive,0.955,0.045
14935,positive,0.689,0.311
13059,negative,0.122,0.878
10669,negative,0.264,0.736
31350,positive,0.849,0.151
35892,negative,0.268,0.732
13427,positive,0.988,0.012
21029,positive,0.816,0.184
1537,negative,0.22,0.78
5869,positive,0.629,0.371
38477,negative,0.281,0.719
14651,positive,0.963,0.037
12784,negative,0.112,0.888
6154,negative,0.086,0.914
1357,positive,0.705,0.295
22260,negative,0.055,0.945
23007,negative,0.147,0.853
16236,negative,0.074,0.926
25524,positive,0.989,0.011
22518,positive,0.99,0.01
10160,negative,0.088,0.912
26027,positive,0.556,0.444
6497,negative,0.115,0.885
34884,positive,0.552,0.448
16162,negative,0.227,0.773
28544,positive,0.994,0.006
12409,positive,0.987,0.013
6204,positive,0.972,0.028
7423,positive,0.635,0.365
11483,negative,0.072,0.928
24625,positive,0.986,0.014
6088,positive,0.968,0.032
18697,positive,0.974,0.026
43696,positive,0.987,0.013
15756,negative,0.414,0.586
1038,negative,0.183,0.817
34127,positive,0.938,0.062
11811,negative,0.454,0.546
34882,negative,0.331,0.669
15133,negative,0.156,0.844
14149,positive,0.517,0.483
44013,negative,0.123,0.877
17059,positive,0.663,0.337
26623,negative,0.376,0.624
39713,positive,0.584,0.416
17025,positive,0.994,0.006
11959,negative,0.412,0.588
42704,positive,0.663,0.337
8092,negative,0.152,0.848
44616,negative,0.261,0.739
16096,negative,0.251,0.749
34216,positive,0.954,0.046
14619,positive,0.994,0.006
22032,negative,0.098,0.902
30206,negative,0.315,0.685
21256,negative,0.126,0.874
14654,positive,0.931,0.069
26937,negative,0.039,0.961
38347,negative,0.049,0.951
41358,negative,0.197,0.803
21085,negative,0.119,0.881
3249,negative,0.104,0.896
18193,positive,0.987,0.013
31303,negative,0.413,0.587
23401,negative,0.305,0.695
26339,negative,0.358,0.642
15863,positive,0.994,0.006
22493,positive,0.954,0.046
24628,negative,0.431,0.569
26705,positive,0.984,0.016
44587,negative,0.075,0.925
29944,negative,0.433,0.567
38178,negative,0.302,0.698
16343,negative,0.357,0.643
14439,positive,0.503,0.497
23,positive,0.802,0.198
11016,positive,0.994,0.006
19511,positive,0.975,0.025
23490,positive,0.9,0.1
4797,negative,0.141,0.859
26660,positive,0.927,0.073
17911,negative,0.153,0.847
10067,negative,0.181,0.819
2780,positive,0.672,0.328
27579,negative,0.102,0.898
44357,positive,0.857,0.143
6492,negative,0.118,0.882
18914,negative,0.171,0.829
36961,negative,0.062,0.938
35360,positive,0.863,0.137
12539,negative,0.245,0.755
13138,negative,0.275,0.725
9808,positive,0.973,0.027
27414,positive,0.577,0.423
16454,negative,0.17,0.83
24427,positive,0.979,0.021
19737,negative,0.055,0.945
38583,negative,0.152,0.848
18159,negative,0.045,0.955
7580,positive,0.934,0.066
77,negative,0.312,0.688
5102,negative,0.045,0.955
5109,positive,0.969,0.031
36029,negative,0.121,0.879
23130,positive,0.993,0.007
8190,positive,0.949,0.051
24103,positive,0.672,0.328
14864,positive,0.991,0.009
25779,positive,0.985,0.015
9556,negative,0.249,0.751
26742,negative,0.113,0.887
25251,negative,0.079,0.921
13539,negative,0.038,0.962
37880,negative,0.495,0.505
40093,negative,0.336,0.664
35467,negative,0.463,0.537
22573,positive,0.899,0.101
35335,positive,0.532,0.468
9772,negative,0.073,0.927
17096,negative,0.123,0.877
12693,negative,0.123,0.877
8173,positive,0.991,0.009
19393,negative,0.038,0.962
21111,negative,0.237,0.763
37677,negative,0.34,0.66
18684,positive,0.983,0.017
34074,negative,0.039,0.961
42659,negative,0.334,0.666
19171,positive,0.982,0.018
34148,negative,0.037,0.963
13281,negative,0.282,0.718
18888,positive,0.988,0.012
22320,negative,0.187,0.813
32728,positive,0.99,0.01
34357,positive,0.721,0.279
12017,positive,0.979,0.021
38975,negative,0.237,0.763
22853,negative,0.159,0.841
25066,positive,0.972,0.028
8692,negative,0.084,0.916
5777,negative,0.158,0.842
15820,positive,0.99,0.01
40966,negative,0.246,0.754
22598,positive,0.96,0.04
17260,negative,0.067,0.933
15271,positive,0.534,0.466
29084,negative,0.239,0.761
20354,negative,0.319,0.681
21983,positive,0.741,0.259
41740,negative,0.12,0.88
7702,positive,0.978,0.022
12570,positive,0.619,0.381
27255,positive,0.974,0.026
22132,positive,0.511,0.489
29012,positive,0.972,0.028
1334,positive,0.626,0.374
32944,positive,0.982,0.018
3963,positive,0.99,0.01
19027,negative,0.198,0.802
26809,positive,0.934,0.066
18826,negative,0.047,0.953
42436,positive,0.798,0.202
8998,positive,0.991,0.009
10385,negative,0.241,0.759
42663,positive,0.983,0.017
14521,negative,0.409,0.591
14577,negative,0.096,0.904
16086,negative,0.225,0.775
24769,positive,0.976,0.024
39382,negative,0.076,0.924
6602,positive,0.99,0.01
20052,negative,0.079,0.921
25679,positive,0.747,0.253
32683,positive,0.991,0.009
34254,positive,0.661,0.339
23482,negative,0.094,0.906
27557,negative,0.116,0.884
30765,negative,0.398,0.602
2670,negative,0.132,0.868
28523,positive,0.984,0.016
2265,negative,0.082,0.918
16397,negative,0.085,0.915
1031,negative,0.043,0.957
462,positive,0.662,0.338
747,positive,0.982,0.018
1808,negative,0.22,0.78
41827,positive,0.98,0.02
33287,positive,0.989,0.011
9451,positive,0.985,0.015
17008,positive,0.881,0.119
14070,negative,0.203,0.797
6989,negative,0.091,0.909
42329,negative,0.213,0.787
28561,negative,0.095,0.905
17169,positive,0.992,0.008
16102,positive,0.579,0.421
35017,positive,0.98,0.02
26342,negative,0.102,0.898
17441,negative,0.049,0.951
42283,positive,0.976,0.024
7967,negative,0.059,0.941
4426,negative,0.039,0.961
13150,positive,0.967,0.033
8445,positive,0.691,0.309
30090,positive,0.989,0.011
4712,negative,0.155,0.845
27333,negative,0.131,0.869
24635,positive,0.945,0.055
3010,positive,0.907,0.093
33088,negative,0.107,0.893
37840,negative,0.068,0.932
1105,positive,0.844,0.156
807,positive,0.985,0.015
6376,positive,0.931,0.069
8338,negative,0.144,0.856
26842,negative,0.242,0.758
9971,negative,0.115,0.885
24924,negative,0.265,0.735
39341,positive,0.581,0.419
12810,negative,0.045,0.955
19946,positive,0.983,0.017
24687,negative,0.098,0.902
17625,positive,0.932,0.068
30587,positive,0.984,0.016
35219,negative,0.096,0.904
15124,negative,0.311,0.689
38112,negative,0.34,0.66
10413,negative,0.118,0.882
2567,positive,0.675,0.325
9776,positive,0.881,0.119
44886,negative,0.066,0.934
40801,negative,0.265,0.735
13438,positive,0.835,0.165
7331,negative,0.452,0.548
28528,negative,0.056,0.944
17553,negative,0.452,0.548
14402,negative,0.278,0.722
43111,positive,0.812,0.188
35516,positive,0.549,0.451
29275,negative,0.369,0.631
28776,negative,0.068,0.932
17455,negative,0.192,0.808
19969,positive,0.988,0.012
37477,negative,0.34,0.66
7436,negative,0.342,0.658
6271,positive,0.975,0.025
3624,negative,0.102,0.898
17101,positive,0.882,0.118
18565,negative,0.496,0.504
14851,positive,0.741,0.259
18675,positive,0.958,0.042
36202,negative,0.141,0.859
30504,negative,0.105,0.895
36977,negative,0.125,0.875
21906,negative,0.272,0.728
18651,negative,0.087,0.913
34012,positive,0.517,0.483
15900,positive,0.553,0.447
38189,negative,0.384,0.616
22655,positive,0.908,0.092
8179,negative,0.423,0.577
37229,positive,0.981,0.019
469,positive,0.957,0.043
31067,negative,0.218,0.782
12379,negative,0.075,0.925
24804,negative,0.042,0.958
18665,negative,0.124,0.876
34348,negative,0.028,0.972
27000,negative,0.059,0.941
27478,negative,0.414,0.586
45135,negative,0.231,0.769
33810,negative,0.363,0.637
21372,negative,0.188,0.812
15027,positive,0.787,0.213
16405,negative,0.046,0.954
7787,negative,0.079,0.921
36907,positive,0.984,0.016
18652,negative,0.045,0.955
42603,positive,0.95,0.05
43394,positive,0.744,0.256
37280,negative,0.068,0.932
21031,negative,0.479,0.521
20373,negative,0.021,0.979
3833,positive,0.986,0.014
28182,negative,0.135,0.865
4859,positive,0.987,0.013
26729,positive,0.975,0.025
13250,negative,0.324,0.676
13403,negative,0.094,0.906
28232,positive,0.975,0.025
40558,negative,0.078,0.922
24458,negative,0.209,0.791
10292,positive,0.834,0.166
17661,negative,0.141,0.859
19178,negative,0.484,0.516
41134,positive,0.864,0.136
17679,negative,0.208,0.792
18847,positive,0.981,0.019
21035,negative,0.11,0.89
34923,positive,0.972,0.028
20856,negative,0.094,0.906
30604,positive,0.711,0.289
41753,negative,0.058,0.942
13885,negative,0.187,0.813
24201,positive,0.636,0.364
16966,negative,0.173,0.827
36704,positive,0.981,0.019
2190,positive,0.509,0.491
25456,negative,0.069,0.931
33149,positive,0.823,0.177
29916,negative,0.229,0.771
12533,negative,0.163,0.837
30263,positive,0.99,0.01
17506,positive,0.981,0.019
18339,negative,0.321,0.679
17085,positive,0.95,0.05
9527,negative,0.109,0.891
27034,positive,0.906,0.094
34225,negative,0.056,0.944
9357,negative,0.046,0.954
40643,negative,0.325,0.675
3028,positive,0.975,0.025
37671,negative,0.177,0.823
43796,negative,0.088,0.912
13183,negative,0.385,0.615
10480,positive,0.984,0.016
13604,negative,0.231,0.769
13940,negative,0.395,0.605
5608,positive,0.926,0.074
743,positive,0.868,0.132
27748,positive,0.53,0.47
22251,negative,0.477,0.523
24698,negative,0.044,0.956
2524,negative,0.483,0.517
26165,negative,0.116,0.884
9435,negative,0.083,0.917
9600,negative,0.449,0.551
24754,positive,0.989,0.011
24068,negative,0.106,0.894
20404,positive,0.972,0.028
24355,positive,0.892,0.108
9286,positive,0.881,0.119
39260,negative,0.261,0.739
6106,negative,0.127,0.873
44209,positive,0.989,0.011
15352,negative,0.058,0.942
42944,positive,0.995,0.005
20278,positive,0.984,0.016
13907,negative,0.144,0.856
6187,negative,0.055,0.945
32790,negative,0.026,0.974
38562,negative,0.086,0.914
34181,negative,0.091,0.909
26483,negative,0.233,0.767
38029,negative,0.158,0.842
13591,positive,0.76,0.24
1400,negative,0.095,0.905
5915,negative,0.23,0.77
10394,negative,0.042,0.958
10210,positive,0.941,0.059
23252,positive,0.95,0.05
26292,negative,0.147,0.853
7795,positive,0.984,0.016
2542,negative,0.156,0.844
28985,negative,0.091,0.909
36905,negative,0.037,0.963
20879,negative,0.254,0.746
36252,negative,0.089,0.911
34487,positive,0.958,0.042
20551,positive,0.643,0.357
35315,positive,0.981,0.019
39569,positive,0.657,0.343
14606,positive,0.985,0.015
15787,negative,0.157,0.843
44431,negative,0.089,0.911
45206,negative,0.167,0.833
16215,positive,0.966,0.034
18409,positive,0.991,0.009
24,negative,0.306,0.694
35491,negative,0.322,0.678
32786,negative,0.075,0.925
27643,positive,0.962,0.038
16708,negative,0.103,0.897
35202,positive,0.971,0.029
1476,negative,0.137,0.863
30945,negative,0.421,0.579
3665,negative,0.106,0.894
26601,negative,0.047,0.953
9712,negative,0.157,0.843
43973,negative,0.4,0.6
40249,negative,0.499,0.501
41599,negative,0.32,0.68
22414,positive,0.983,0.017
17421,negative,0.163,0.837
8502,negative,0.466,0.534
27277,negative,0.131,0.869
5712,positive,0.988,0.012
17408,positive,0.726,0.274
15743,negative,0.094,0.906
11956,positive,0.977,0.023
24645,negative,0.388,0.612
15992,positive,0.991,0.009
28585,negative,0.028,0.972
11958,negative,0.076,0.924
24690,negative,0.123,0.877
44820,positive,0.936,0.064
43202,positive,0.99,0.01
5815,positive,0.959,0.041
26833,positive,0.978,0.022
33798,positive,0.881,0.119
28674,negative,0.175,0.825
10626,positive,0.987,0.013
34609,negative,0.08,0.92
30337,negative,0.037,0.963
24199,negative,0.154,0.846
5321,negative,0.089,0.911
9914,negative,0.087,0.913
41613,positive,0.934,0.066
24482,positive,0.965,0.035
21930,positive,0.956,0.044
13260,negative,0.095,0.905
28998,negative,0.072,0.928
7194,negative,0.18,0.82
12611,negative,0.068,0.932
22970,positive,0.905,0.095
27072,positive,0.981,0.019
30971,negative,0.127,0.873
12802,negative,0.357,0.643
4762,negative,0.024,0.976
10492,negative,0.441,0.559
21970,negative,0.066,0.934
11705,negative,0.3,0.7
8573,positive,0.754,0.246
45071,negative,0.168,0.832
1900,negative,0.454,0.546
5499,positive,0.566,0.434
4479,positive,0.977,0.023
26108,positive,0.987,0.013
145,negative,0.052,0.948
12559,negative,0.13,0.87
28909,negative,0.025,0.975
39333,negative,0.294,0.706
17094,negative,0.258,0.742
10178,positive,0.547,0.453
34220,negative,0.36,0.64
11530,negative,0.063,0.937
28027,negative,0.482,0.518
38093,negative,0.339,0.661
21785,positive,0.933,0.067
23484,negative,0.428,0.572
36409,positive,0.812,0.188
13217,negative,0.07,0.93
24318,positive,0.97,0.03
26414,positive,0.894,0.106
28340,positive,0.976,0.024
16419,positive,0.704,0.296
24344,negative,0.343,0.657
23853,positive,0.77,0.23
39079,positive,0.709,0.291
569,positive,0.993,0.007
42260,negative,0.083,0.917
42454,positive,0.972,0.028
13045,negative,0.327,0.673
31492,negative,0.04,0.96
22914,positive,0.991,0.009
42923,negative,0.33,0.67
28608,negative,0.043,0.957
29176,positive,0.516,0.484
32879,positive,0.987,0.013
31106,negative,0.35,0.65
39852,positive,0.818,0.182
21918,negative,0.255,0.745
27435,negative,0.467,0.533
19594,negative,0.457,0.543
37164,negative,0.139,0.861
21318,positive,0.967,0.033
19274,negative,0.161,0.839
14526,negative,0.222,0.778
40336,positive,0.75,0.25
12348,positive,0.629,0.371
42582,negative,0.14,0.86
5808,negative,0.257,0.743
14967,positive,0.928,0.072
12880,positive,0.561,0.439
14025,positive,0.986,0.014
23450,positive,0.849,0.151
34784,positive,0.941,0.059
18215,negative,0.065,0.935
9880,negative,0.079,0.921
22464,negative,0.392,0.608
19422,positive,0.991,0.009
15499,positive,0.991,0.009
4763,negative,0.239,0.761
13352,negative,0.146,0.854
24563,negative,0.196,0.804
21456,positive,0.586,0.414
39096,positive,0.595,0.405
24545,positive,0.994,0.006
36110,negative,0.319,0.681
26145,negative,0.206,0.794
8839,positive,0.513,0.487
21043,negative,0.051,0.949
1246,positive,0.963,0.037
19890,negative,0.066,0.934
31726,positive,0.886,0.114
15092,positive,0.941,0.059
14492,negative,0.142,0.858
26031,negative,0.252,0.748
45177,positive,0.706,0.294
14602,negative,0.198,0.802
40384,negative,0.122,0.878
36663,negative,0.296,0.704
12763,positive,0.975,0.025
10529,positive,0.784,0.216
14538,positive,0.584,0.416
40871,negative,0.225,0.775
1378,positive,0.984,0.016
13773,positive,0.593,0.407
42574,negative,0.49,0.51
16885,negative,0.07,0.93
41302,positive,0.599,0.401
36476,positive,0.732,0.268
22002,positive,0.99,0.01
1179,negative,0.182,0.818
27777,positive,0.977,0.023
14650,positive,0.976,0.024
19155,positive,0.974,0.026
19659,negative,0.067,0.933
30576,positive,0.983,0.017
6359,negative,0.123,0.877
1678,negative,0.084,0.916
18085,positive,0.985,0.015
26366,positive,0.98,0.02
33983,positive,0.957,0.043
20919,positive,0.957,0.043
24999,negative,0.053,0.947
19073,negative,0.106,0.894
27377,positive,0.931,0.069
20302,positive,0.957,0.043
13972,positive,0.773,0.227
14828,positive,0.99,0.01
5558,positive,0.965,0.035
33239,negative,0.464,0.536
16240,negative,0.109,0.891
41029,positive,0.765,0.235
44331,negative,0.324,0.676
2804,negative,0.195,0.805
3163,negative,0.096,0.904
15105,negative,0.13,0.87
19765,negative,0.235,0.765
39467,negative,0.114,0.886
39163,positive,0.99,0.01
9865,negative,0.089,0.911
6490,positive,0.989,0.011
26258,negative,0.469,0.531
33662,negative,0.118,0.882
35037,negative,0.226,0.774
17650,positive,0.987,0.013
21953,positive,0.778,0.222
35144,positive,0.98,0.02
16544,negative,0.196,0.804
5726,negative,0.022,0.978
16427,positive,0.982,0.018
22075,negative,0.192,0.808
22749,negative,0.093,0.907
30364,negative,0.082,0.918
33731,negative,0.108,0.892
28511,positive,0.772,0.228
15206,positive,0.702,0.298
2657,negative,0.11,0.89
9941,positive,0.975,0.025
19814,positive,0.99,0.01
42371,negative,0.024,0.976
36543,negative,0.083,0.917
17364,positive,0.697,0.303
24777,negative,0.419,0.581
34031,negative,0.152,0.848
34066,negative,0.241,0.759
32304,negative,0.4,0.6
33519,negative,0.292,0.708
20216,negative,0.31,0.69
34525,positive,0.984,0.016
22281,positive,0.604,0.396
1701,positive,0.956,0.044
17966,negative,0.06,0.94
11122,positive,0.991,0.009
10052,negative,0.209,0.791
14332,negative,0.278,0.722
32319,negative,0.335,0.665
27948,negative,0.076,0.924
3857,negative,0.107,0.893
13078,negative,0.114,0.886
13889,negative,0.068,0.932
4221,positive,0.865,0.135
16998,positive,0.991,0.009
26355,negative,0.094,0.906
32877,negative,0.348,0.652
31839,negative,0.169,0.831
15096,negative,0.079,0.921
40435,negative,0.349,0.651
43643,positive,0.982,0.018
38819,positive,0.955,0.045
29764,negative,0.245,0.755
167,negative,0.226,0.774
40353,negative,0.065,0.935
22149,positive,0.943,0.057
5831,positive,0.627,0.373
30997,positive,0.984,0.016
12892,negative,0.186,0.814
4474,positive,0.649,0.351
3136,negative,0.208,0.792
27505,positive,0.994,0.006
32759,positive,0.804,0.196
15573,positive,0.963,0.037
25811,positive,0.822,0.178
12179,positive,0.938,0.062
14635,negative,0.269,0.731
10013,negative,0.097,0.903
35680,negative,0.211,0.789
31342,positive,0.569,0.431
9345,negative,0.278,0.722
6454,positive,0.975,0.025
15102,positive,0.922,0.078
24353,negative,0.061,0.939
14192,negative,0.034,0.966
14520,negative,0.463,0.537
29602,negative,0.232,0.768
23554,negative,0.151,0.849
23813,negative,0.186,0.814
24196,positive,0.977,0.023
27969,negative,0.095,0.905
3337,negative,0.188,0.812
18244,positive,0.979,0.021
8027,negative,0.234,0.766
14620,negative,0.308,0.692
34378,positive,0.985,0.015
44567,negative,0.05,0.95
14502,negative,0.176,0.824
12619,negative,0.122,0.878
32965,negative,0.121,0.879
32838,positive,0.972,0.028
34234,negative,0.188,0.812
27253,negative,0.468,0.532
11270,negative,0.151,0.849
870,negative,0.203,0.797
17426,negative,0.085,0.915
18915,negative,0.212,0.788
3542,negative,0.121,0.879
41943,positive,0.925,0.075
19622,positive,0.955,0.045
37726,negative,0.027,0.973
28256,negative,0.448,0.552
37072,positive,0.985,0.015
27978,positive,0.956,0.044
23360,positive,0.987,0.013
715,positive,0.99,0.01
8915,positive,0.992,0.008
43761,negative,0.142,0.858
36955,negative,0.165,0.835
26210,negative,0.137,0.863
24252,negative,0.396,0.604
18113,positive,0.726,0.274
27426,negative,0.178,0.822
18760,negative,0.418,0.582
16377,positive,0.924,0.076
32399,negative,0.31,0.69
13711,positive,0.658,0.342
41885,positive,0.844,0.156
37238,positive,0.66,0.34
19231,positive,0.943,0.057
36060,positive,0.926,0.074
24228,positive,0.975,0.025
22520,negative,0.1,0.9
41031,positive,0.554,0.446
13932,negative,0.295,0.705
19568,negative,0.444,0.556
13970,negative,0.368,0.632
31976,positive,0.869,0.131
24413,positive,0.975,0.025
2294,positive,0.99,0.01
43921,negative,0.105,0.895
9084,negative,0.486,0.514
28825,negative,0.405,0.595
28223,positive,0.759,0.241
23478,positive,0.99,0.01
2752,positive,0.943,0.057
15701,positive,0.601,0.399
740,positive,0.66,0.34
5090,positive,0.641,0.359
17668,negative,0.274,0.726
16594,negative,0.084,0.916
17144,negative,0.435,0.565
20590,positive,0.976,0.024
26403,positive,0.822,0.178
6974,negative,0.06,0.94
14883,negative,0.104,0.896
35175,positive,0.679,0.321
2722,negative,0.418,0.582
1664,negative,0.199,0.801
19351,negative,0.069,0.931
30488,negative,0.037,0.963
17932,negative,0.247,0.753
27014,negative,0.067,0.933
28541,positive,0.828,0.172
5349,positive,0.552,0.448
2615,negative,0.111,0.889
25531,negative,0.046,0.954
20236,positive,0.982,0.018
41413,negative,0.067,0.933
8121,negative,0.311,0.689
44252,positive,0.992,0.008
14423,positive,0.922,0.078
27141,negative,0.229,0.771
27098,positive,0.989,0.011
4350,positive,0.981,0.019
4145,positive,0.979,0.021
19855,negative,0.17,0.83
24388,negative,0.116,0.884
1888,negative,0.284,0.716
2616,positive,0.922,0.078
27416,positive,0.573,0.427
32637,negative,0.267,0.733
7626,negative,0.114,0.886
21188,positive,0.707,0.293
12806,negative,0.335,0.665
5307,negative,0.135,0.865
8359,positive,0.605,0.395
9665,positive,0.702,0.298
11754,negative,0.32,0.68
38683,negative,0.333,0.667
21030,positive,0.664,0.336
21830,positive,0.765,0.235
40759,positive,0.973,0.027
39470,positive,0.893,0.107
1977,negative,0.066,0.934
5150,negative,0.106,0.894
33622,positive,0.968,0.032
20207,positive,0.952,0.048
16287,negative,0.026,0.974
12741,positive,0.994,0.006
39909,negative,0.057,0.943
39446,negative,0.034,0.966
22004,positive,0.6,0.4
26011,negative,0.035,0.965
13709,positive,0.978,0.022
26320,negative,0.095,0.905
15138,negative,0.424,0.576
44164,negative,0.338,0.662
17826,negative,0.484,0.516
27315,positive,0.979,0.021
38536,positive,0.983,0.017
12024,negative,0.051,0.949
44216,positive,0.666,0.334
23669,negative,0.034,0.966
36576,positive,0.524,0.476
35431,negative,0.11,0.89
15881,negative,0.124,0.876
22543,negative,0.195,0.805
4491,positive,0.83,0.17
7697,negative,0.49,0.51
17987,negative,0.338,0.662
16912,negative,0.109,0.891
41682,negative,0.112,0.888
318,negative,0.245,0.755
35716,negative,0.135,0.865
24800,positive,0.809,0.191
40921,negative,0.089,0.911
5055,negative,0.336,0.664
30195,positive,0.977,0.023
36705,positive,0.645,0.355
44050,negative,0.038,0.962
1059,positive,0.934,0.066
42618,negative,0.098,0.902
38748,positive,0.614,0.386
43009,positive,0.681,0.319
40066,negative,0.072,0.928
6638,negative,0.33,0.67
26440,positive,0.596,0.404
18251,positive,0.993,0.007
19792,positive,0.965,0.035
2591,negative,0.473,0.527
23486,negative,0.101,0.899
22638,positive,0.986,0.014
28570,negative,0.112,0.888
36603,negative,0.461,0.539
16859,positive,0.947,0.053
40898,positive,0.712,0.288
44423,positive,0.547,0.453
20294,positive,0.947,0.053
29767,positive,0.982,0.018
30659,positive,0.529,0.471
31875,negative,0.142,0.858
36012,negative,0.328,0.672
12684,negative,0.302,0.698
44893,negative,0.414,0.586
29404,positive,0.547,0.453
44230,positive,0.991,0.009
13096,negative,0.363,0.637
43482,negative,0.096,0.904
43512,negative,0.396,0.604
23831,negative,0.179,0.821
16352,positive,0.984,0.016
24136,negative,0.328,0.672
36333,positive,0.945,0.055
29390,positive,0.905,0.095
39654,negative,0.333,0.667
1316,negative,0.418,0.582
14257,positive,0.962,0.038
7262,positive,0.546,0.454
33629,negative,0.086,0.914
32752,positive,0.993,0.007
3459,negative,0.095,0.905
19700,positive,0.643,0.357
40820,negative,0.309,0.691
13310,negative,0.277,0.723
43951,negative,0.261,0.739
42268,negative,0.363,0.637
12665,negative,0.107,0.893
13795,negative,0.093,0.907
13371,positive,0.855,0.145
29781,positive,0.983,0.017
36886,positive,0.854,0.146
43728,positive,0.991,0.009
18698,negative,0.042,0.958
28822,positive,0.853,0.147
31756,positive,0.975,0.025
43268,negative,0.382,0.618
14341,positive,0.931,0.069
26392,positive,0.989,0.011
36894,positive,0.92,0.08
39785,negative,0.153,0.847
5846,positive,0.922,0.078
33415,positive,0.947,0.053
27716,positive,0.985,0.015
30406,negative,0.162,0.838
23735,negative,0.12,0.88
36753,positive,0.923,0.077
16059,negative,0.326,0.674
14744,positive,0.979,0.021
10900,negative,0.237,0.763
20544,positive,0.958,0.042
38949,negative,0.482,0.518
17578,negative,0.105,0.895
19373,negative,0.176,0.824
24146,negative,0.185,0.815
4396,positive,0.992,0.008
12449,positive,0.756,0.244
42337,negative,0.028,0.972
39646,negative,0.258,0.742
8601,positive,0.967,0.033
42402,positive,0.699,0.301
18722,negative,0.051,0.949
28273,positive,0.941,0.059
33176,negative,0.185,0.815
43734,negative,0.291,0.709
35193,negative,0.217,0.783
21893,negative,0.07,0.93
26235,negative,0.129,0.871
5153,negative,0.109,0.891
23836,positive,0.514,0.486
22235,positive,0.975,0.025
43755,negative,0.084,0.916
31243,positive,0.989,0.011
4740,negative,0.102,0.898
15254,negative,0.374,0.626
27871,negative,0.089,0.911
19246,positive,0.988,0.012
2991,negative,0.347,0.653
19180,positive,0.974,0.026
9138,positive,0.849,0.151
39013,negative,0.095,0.905
28785,negative,0.361,0.639
37043,negative,0.494,0.506
39395,positive,0.665,0.335
12516,negative,0.087,0.913
37061,positive,0.74,0.26
37456,positive,0.988,0.012
11787,negative,0.155,0.845
3139,positive,0.991,0.009
40371,positive,0.912,0.088
36717,positive,0.649,0.351
35640,negative,0.191,0.809
26812,negative,0.303,0.697
25858,positive,0.511,0.489
12021,positive,0.981,0.019
45086,negative,0.061,0.939
24510,positive,0.526,0.474
15366,negative,0.128,0.872
19551,negative,0.271,0.729
19166,negative,0.073,0.927
16142,positive,0.959,0.041
21547,positive,0.984,0.016
16847,positive,0.959,0.041
16862,negative,0.166,0.834
29629,negative,0.073,0.927
32303,negative,0.121,0.879
15113,negative,0.126,0.874
7354,negative,0.178,0.822
24581,negative,0.135,0.865
21191,positive,0.799,0.201
16385,positive,0.987,0.013
37107,negative,0.263,0.737
37262,negative,0.147,0.853
30712,negative,0.127,0.873
5635,negative,0.085,0.915
18695,negative,0.266,0.734
21050,negative,0.138,0.862
3658,negative,0.498,0.502
8261,negative,0.357,0.643
15354,positive,0.982,0.018
40172,negative,0.105,0.895
11250,positive,0.885,0.115
13007,positive,0.884,0.116
28220,negative,0.068,0.932
23299,positive,0.992,0.008
15177,positive,0.977,0.023
18889,negative,0.038,0.962
30903,negative,0.077,0.923
23436,positive,0.965,0.035
13514,negative,0.204,0.796
28346,negative,0.069,0.931
13575,negative,0.082,0.918
24554,negative,0.362,0.638
19427,positive,0.564,0.436
12371,negative,0.238,0.762
27011,positive,0.972,0.028
22228,positive,0.846,0.154
25592,positive,0.765,0.235
13532,positive,0.965,0.035
26924,negative,0.027,0.973
37512,positive,0.624,0.376
13637,negative,0.151,0.849
6568,positive,0.994,0.006
3155,negative,0.473,0.527
8455,negative,0.029,0.971
20905,negative,0.085,0.915
44457,negative,0.127,0.873
38179,negative,0.281,0.719
1767,negative,0.037,0.963
17322,negative,0.274,0.726
24862,positive,0.934,0.066
33070,positive,0.935,0.065
9753,negative,0.406,0.594
12854,positive,0.928,0.072
18693,positive,0.992,0.008
18766,negative,0.204,0.796
30370,negative,0.162,0.838
9112,negative,0.288,0.712
30154,negative,0.188,0.812
5320,positive,0.917,0.083
7532,negative,0.079,0.921
9779,positive,0.993,0.007
29266,positive,0.948,0.052
22590,positive,0.987,0.013
24719,positive,0.982,0.018
37386,negative,0.177,0.823
38639,positive,0.594,0.406
19154,negative,0.069,0.931
14717,negative,0.151,0.849
10601,negative,0.237,0.763
8032,negative,0.227,0.773
27052,negative,0.101,0.899
17019,negative,0.152,0.848
37914,positive,0.553,0.447
2975,positive,0.514,0.486
24193,negative,0.352,0.648
8917,negative,0.24,0.76
33940,negative,0.499,0.501
3898,positive,0.956,0.044
26272,negative,0.266,0.734
42710,positive,0.991,0.009
28696,negative,0.095,0.905
18939,positive,0.792,0.208
5255,positive,0.727,0.273
14470,positive,0.846,0.154
4511,positive,0.985,0.015
13114,positive,0.977,0.023
32015,negative,0.158,0.842
15371,negative,0.306,0.694
2060,negative,0.044,0.956
18116,negative,0.168,0.832
33438,positive,0.509,0.491
29287,negative,0.045,0.955
1541,positive,0.784,0.216
41624,positive,0.783,0.217
27201,negative,0.124,0.876
43780,positive,0.849,0.151
26831,positive,0.774,0.226
348,negative,0.216,0.784
41054,positive,0.534,0.466
42939,positive,0.621,0.379
21964,negative,0.183,0.817
24468,negative,0.066,0.934
18834,negative,0.084,0.916
22189,positive,0.921,0.079
32368,positive,0.953,0.047
28033,negative,0.148,0.852
9916,positive,0.832,0.168
797,positive,0.795,0.205
26018,positive,0.669,0.331
11751,positive,0.974,0.026
28341,negative,0.154,0.846
15983,positive,0.972,0.028
40329,positive,0.582,0.418
38792,positive,0.991,0.009
1645,negative,0.172,0.828
12821,negative,0.034,0.966
24910,negative,0.042,0.958
13829,positive,0.708,0.292
1114,positive,0.77,0.23
38088,negative,0.075,0.925
15236,positive,0.94,0.06
28747,negative,0.428,0.572
38048,negative,0.189,0.811
23937,positive,0.852,0.148
23169,negative,0.112,0.888
7228,negative,0.239,0.761
28460,negative,0.097,0.903
42654,positive,0.811,0.189
781,negative,0.341,0.659
16326,positive,0.947,0.053
28805,negative,0.094,0.906
10498,negative,0.396,0.604
36134,positive,0.83,0.17
31403,negative,0.085,0.915
11124,negative,0.239,0.761
7390,negative,0.059,0.941
30372,negative,0.375,0.625
18163,positive,0.987,0.013
12865,negative,0.404,0.596
14314,negative,0.061,0.939
35327,positive,0.526,0.474
14840,positive,0.922,0.078
39409,positive,0.95,0.05
13800,negative,0.02,0.98
34296,positive,0.98,0.02
24943,positive,0.939,0.061
16275,negative,0.108,0.892
7971,negative,0.04,0.96
32527,negative,0.164,0.836
7338,positive,0.898,0.102
18739,positive,0.981,0.019
2042,negative,0.266,0.734
9769,negative,0.09,0.91
27219,positive,0.912,0.088
16576,negative,0.056,0.944
12653,positive,0.972,0.028
42730,positive,0.623,0.377
10969,negative,0.126,0.874
45,positive,0.746,0.254
9560,positive,0.951,0.049
38411,negative,0.326,0.674
6155,negative,0.089,0.911
34251,positive,0.911,0.089
36249,positive,0.986,0.014
45117,positive,0.97,0.03
23418,positive,0.965,0.035
26765,positive,0.988,0.012
38046,negative,0.061,0.939
27233,positive,0.994,0.006
13891,negative,0.103,0.897
497,negative,0.357,0.643
36456,negative,0.114,0.886
37069,negative,0.333,0.667
13160,positive,0.979,0.021
44998,negative,0.052,0.948
18093,positive,0.803,0.197
22585,positive,0.983,0.017
19028,positive,0.983,0.017
8104,positive,0.921,0.079
35113,positive,0.975,0.025
16935,negative,0.294,0.706
42854,positive,0.984,0.016
27534,positive,0.659,0.341
27137,negative,0.075,0.925
45050,negative,0.138,0.862
27940,negative,0.255,0.745
40762,positive,0.847,0.153
22250,negative,0.068,0.932
44741,positive,0.985,0.015
2807,positive,0.985,0.015
21327,positive,0.751,0.249
30217,negative,0.135,0.865
6456,negative,0.141,0.859
16792,negative,0.245,0.755
8317,positive,0.509,0.491
44187,positive,0.769,0.231
34260,positive,0.636,0.364
19067,negative,0.133,0.867
21938,positive,0.992,0.008
31936,negative,0.091,0.909
11947,positive,0.942,0.058
31013,negative,0.059,0.941
22259,positive,0.548,0.452
17281,negative,0.041,0.959
1550,positive,0.965,0.035
2604,positive,0.915,0.085
6220,negative,0.067,0.933
24487,positive,0.962,0.038
288,negative,0.415,0.585
5043,positive,0.908,0.092
18864,negative,0.413,0.587
27840,negative,0.193,0.807
44014,positive,0.917,0.083
11964,positive,0.965,0.035
20346,negative,0.099,0.901
31672,negative,0.325,0.675
6993,positive,0.988,0.012
18570,positive,0.946,0.054
26097,positive,0.847,0.153
6921,negative,0.161,0.839
10726,negative,0.111,0.889
1706,negative,0.178,0.822
28262,negative,0.234,0.766
1415,positive,0.571,0.429
6828,negative,0.19,0.81
22856,negative,0.414,0.586
9035,positive,0.663,0.337
26304,negative,0.398,0.602
42370,negative,0.079,0.921
10479,positive,0.761,0.239
3063,positive,0.703,0.297
38669,positive,0.979,0.021
8539,negative,0.246,0.754
28287,negative,0.271,0.729
101,negative,0.435,0.565
28116,positive,0.756,0.244
36966,positive,0.989,0.011
9585,negative,0.348,0.652
16857,negative,0.281,0.719
6412,negative,0.478,0.522
30914,positive,0.949,0.051
34589,negative,0.096,0.904
42317,positive,0.52,0.48
4735,negative,0.192,0.808
23824,negative,0.171,0.829
27976,negative,0.069,0.931
16386,positive,0.682,0.318
30417,negative,0.277,0.723
21801,positive,0.915,0.085
45222,negative,0.32,0.68
4989,positive,0.889,0.111
2376,negative,0.141,0.859
29640,negative,0.12,0.88
13541,positive,0.964,0.036
35673,positive,0.946,0.054
15642,negative,0.028,0.972
35946,negative,0.119,0.881
16685,positive,0.991,0.009
31284,negative,0.064,0.936
44882,positive,0.971,0.029
988,positive,0.98,0.02
10427,positive,0.949,0.051
8780,negative,0.126,0.874
576,negative,0.231,0.769
10283,negative,0.128,0.872
2388,negative,0.13,0.87
31223,negative,0.297,0.703
8886,positive,0.988,0.012
22506,negative,0.404,0.596
15014,positive,0.933,0.067
34453,negative,0.28,0.72
26738,positive,0.917,0.083
6352,positive,0.502,0.498
16072,negative,0.029,0.971
7185,negative,0.414,0.586
15384,negative,0.471,0.529
36689,negative,0.172,0.828
42202,negative,0.092,0.908
28834,negative,0.155,0.845
45230,positive,0.591,0.409
42348,positive,0.965,0.035
13498,positive,0.993,0.007
26428,positive,0.988,0.012
28218,negative,0.13,0.87
4229,negative,0.144,0.856
39772,positive,0.642,0.358
41490,negative,0.157,0.843
17307,negative,0.18,0.82
20857,positive,0.554,0.446
19889,positive,0.973,0.027
34436,positive,0.923,0.077
35238,positive,0.5,0.5
21001,positive,0.989,0.011
26762,negative,0.435,0.565
29811,positive,0.501,0.499
15898,positive,0.992,0.008
2580,positive,0.683,0.317
39061,negative,0.039,0.961
4605,negative,0.496,0.504
3068,negative,0.333,0.667
23726,positive,0.715,0.285
24477,negative,0.105,0.895
20647,negative,0.349,0.651
24158,positive,0.952,0.048
22680,positive,0.827,0.173
12686,negative,0.299,0.701
2122,positive,0.669,0.331
16192,negative,0.095,0.905
2450,positive,0.99,0.01
14821,positive,0.982,0.018
4696,negative,0.228,0.772
45181,positive,0.981,0.019
26205,positive,0.992,0.008
2698,negative,0.196,0.804
12580,negative,0.103,0.897
13769,positive,0.965,0.035
23741,negative,0.191,0.809
17742,negative,0.188,0.812
4847,positive,0.51,0.49
10159,negative,0.154,0.846
36828,positive,0.617,0.383
28042,negative,0.208,0.792
12165,positive,0.947,0.053
12640,positive,0.516,0.484
3480,negative,0.087,0.913
13859,positive,0.506,0.494
22207,negative,0.073,0.927
2102,positive,0.721,0.279
28877,negative,0.184,0.816
18933,positive,0.966,0.034
31086,positive,0.702,0.298
9266,positive,0.755,0.245
2485,negative,0.274,0.726
37965,negative,0.147,0.853
15707,negative,0.12,0.88
7157,positive,0.986,0.014
6884,negative,0.143,0.857
27259,negative,0.45,0.55
2330,positive,0.985,0.015
7206,negative,0.102,0.898
35288,positive,0.991,0.009
37949,negative,0.431,0.569
43227,negative,0.178,0.822
24106,positive,0.962,0.038
27139,positive,0.886,0.114
23887,positive,0.969,0.031
19313,positive,0.937,0.063
20935,positive,0.971,0.029
24437,positive,0.986,0.014
44032,negative,0.244,0.756
9060,negative,0.381,0.619
28689,negative,0.066,0.934
16960,positive,0.97,0.03
25316,positive,0.616,0.384
5430,positive,0.876,0.124
34670,positive,0.608,0.392
38797,negative,0.351,0.649
24784,negative,0.182,0.818
13731,negative,0.068,0.932
5093,negative,0.06,0.94
45131,positive,0.977,0.023
4577,positive,0.959,0.041
37825,negative,0.212,0.788
32844,negative,0.223,0.777
2304,negative,0.291,0.709
34105,negative,0.365,0.635
996,negative,0.093,0.907
31889,positive,0.849,0.151
26616,negative,0.05,0.95
32040,negative,0.431,0.569
2363,negative,0.341,0.659
439,negative,0.192,0.808
42512,positive,0.542,0.458
2101,positive,0.975,0.025
22653,positive,0.735,0.265
19075,negative,0.23,0.77
40038,negative,0.291,0.709
43580,negative,0.466,0.534
40749,negative,0.426,0.574
41541,positive,0.986,0.014
44849,positive,0.982,0.018
19444,negative,0.358,0.642
17131,positive,0.987,0.013
30332,positive,0.978,0.022
26709,negative,0.268,0.732
30568,positive,0.983,0.017
6362,positive,0.986,0.014
17225,positive,0.888,0.112
3235,positive,0.846,0.154
6157,negative,0.245,0.755
17191,negative,0.284,0.716
11977,positive,0.629,0.371
3013,positive,0.813,0.187
14354,positive,0.96,0.04
3753,positive,0.822,0.178
27206,negative,0.417,0.583
8151,positive,0.939,0.061
15110,positive,0.986,0.014
18809,positive,0.986,0.014
23127,negative,0.358,0.642
44530,positive,0.911,0.089
3941,negative,0.419,0.581
9893,positive,0.932,0.068
42405,positive,0.945,0.055
38861,positive,0.992,0.008
22778,negative,0.206,0.794
7507,negative,0.212,0.788
27107,positive,0.912,0.088
32071,positive,0.584,0.416
3441,negative,0.156,0.844
28468,negative,0.201,0.799
31294,negative,0.15,0.85
14037,negative,0.159,0.841
26967,positive,0.985,0.015
14613,positive,0.979,0.021
22124,negative,0.339,0.661
17234,positive,0.922,0.078
20283,negative,0.26,0.74
19304,positive,0.988,0.012
7078,positive,0.545,0.455
1871,negative,0.15,0.85
39566,positive,0.975,0.025
29220,positive,0.653,0.347
38593,positive,0.931,0.069
18711,positive,0.989,0.011
45250,positive,0.992,0.008
3151,positive,0.59,0.41
36498,positive,0.977,0.023
11143,negative,0.028,0.972
12330,negative,0.249,0.751
12905,positive,0.689,0.311
29446,negative,0.162,0.838
12,positive,0.672,0.328
18622,negative,0.27,0.73
40952,negative,0.19,0.81
31405,negative,0.179,0.821
43555,negative,0.138,0.862
35121,negative,0.223,0.777
20977,negative,0.171,0.829
37461,positive,0.843,0.157
42240,positive,0.975,0.025
39077,negative,0.051,0.949
28049,positive,0.977,0.023
15283,positive,0.531,0.469
12261,negative,0.493,0.507
14843,positive,0.836,0.164
29348,positive,0.905,0.095
4201,negative,0.163,0.837
21369,positive,0.991,0.009
28308,negative,0.196,0.804
24467,positive,0.978,0.022
13861,negative,0.117,0.883
42671,positive,0.665,0.335
15187,negative,0.136,0.864
19658,positive,0.987,0.013
7523,negative,0.099,0.901
29717,positive,0.88,0.12
16590,negative,0.286,0.714
12527,positive,0.977,0.023
24019,positive,0.96,0.04
27347,negative,0.074,0.926
23742,negative,0.295,0.705
30841,positive,0.873,0.127
24778,positive,0.991,0.009
43776,positive,0.983,0.017
12335,negative,0.148,0.852
1618,negative,0.113,0.887
28294,negative,0.158,0.842
22048,negative,0.019,0.981
18306,positive,0.981,0.019
8549,negative,0.074,0.926
2538,positive,0.986,0.014
2186,positive,0.845,0.155
31278,positive,0.698,0.302
12909,negative,0.272,0.728
33086,positive,0.96,0.04
30937,negative,0.309,0.691
1699,negative,0.141,0.859
17014,positive,0.692,0.308
31713,positive,0.965,0.035
16686,positive,0.788,0.212
38936,negative,0.338,0.662
42233,negative,0.331,0.669
44694,negative,0.108,0.892
15270,positive,0.911,0.089
17376,negative,0.059,0.941
22265,negative,0.438,0.562
21128,negative,0.118,0.882
29255,negative,0.304,0.696
21041,positive,0.946,0.054
18752,negative,0.194,0.806
8369,positive,0.736,0.264
28874,positive,0.989,0.011
3954,positive,0.927,0.073
30578,positive,0.972,0.028
38247,negative,0.06,0.94
39701,negative,0.265,0.735
9990,positive,0.969,0.031
6745,positive,0.761,0.239
34439,negative,0.113,0.887
42508,positive,0.975,0.025
8278,positive,0.963,0.037
895,negative,0.057,0.943
21118,positive,0.822,0.178
28868,positive,0.554,0.446
1463,positive,0.949,0.051
33873,positive,0.987,0.013
36256,positive,0.777,0.223
20106,positive,0.908,0.092
27226,negative,0.21,0.79
23939,positive,0.989,0.011
28431,positive,0.994,0.006
12945,positive,0.982,0.018
14436,positive,0.99,0.01
39675,positive,0.783,0.217
13809,positive,0.887,0.113
17654,negative,0.204,0.796
1553,negative,0.281,0.719
19966,positive,0.927,0.073
3330,positive,0.992,0.008
31245,positive,0.994,0.006
15606,positive,0.882,0.118
13609,positive,0.993,0.007
31277,positive,0.906,0.094
14061,positive,0.954,0.046
33525,positive,0.99,0.01
9843,positive,0.976,0.024
14180,positive,0.814,0.186
8075,positive,0.993,0.007
19931,positive,0.89,0.11
14293,positive,0.975,0.025
15755,positive,0.966,0.034
40980,negative,0.227,0.773
6199,negative,0.296,0.704
28487,positive,0.672,0.328
19091,positive,0.927,0.073
20943,positive,0.99,0.01
15962,negative,0.115,0.885
21977,positive,0.991,0.009
29612,positive,0.935,0.065
14503,negative,0.224,0.776
15104,negative,0.211,0.789
36792,positive,0.991,0.009
26138,negative,0.39,0.61
32132,positive,0.57,0.43
33880,negative,0.195,0.805
43038,negative,0.495,0.505
18321,positive,0.99,0.01
14083,positive,0.898,0.102
6182,positive,0.987,0.013
20619,positive,0.966,0.034
34837,negative,0.345,0.655
14583,positive,0.788,0.212
44902,positive,0.995,0.005
19267,negative,0.441,0.559
17266,negative,0.197,0.803

